1.0 5.0
1.0 4.0
1.0 2.0
1.0 5.0
1.0 5.0
1.0 5.0
1.0 1.0
1.0 4.0
0.8 5.0
0.8 5.0
0.0 1.0
0.0 4.0
1.0 5.0
0.0 5.0
1.0 4.0
1.0 4.0
1.0 5.0
1.0 4.0
1.0 5.0
1.0 5.0
0.5 3.0
0.5 4.0
0.0 3.0
0.0 1.0
1.0 5.0
1.0 4.0
1.0 4.0
1.0 5.0
1.0 5.0
0.5 3.0
0.0 5.0
1.0 1.0
1.0 5.0
1.0 5.0
1.0 5.0
0.0 2.0
0.0 5.0
1.0 5.0
1.0 5.0
0.0 1.0
1.0 5.0
1.0 4.0
1.0 5.0
1.0 3.0
1.0 3.0
1.0 5.0
1.0 5.0
1.0 5.0
1.0 5.0
0.0 1.0
0.8 5.0
0.666666666667 4.0
0.25 3.0
1.0 5.0
1.0 5.0
1.0 2.0
1.0 5.0
1.0 5.0
1.0 5.0
1.0 5.0
1.0 5.0
1.0 5.0
1.0 5.0
1.0 5.0
1.0 5.0
1.0 5.0
1.0 4.0
1.0 5.0
1.0 3.0
1.0 5.0
0.666666666667 2.0
0.0 3.0
1.0 5.0
1.0 2.0
1.0 5.0
1.0 1.0
1.0 5.0
1.0 5.0
0.894736842105 5.0
1.0 5.0
1.0 5.0
1.0 3.0
0.0 1.0
1.0 5.0
0.666666666667 5.0
1.0 1.0
1.0 1.0
1.0 5.0
1.0 5.0
0.833333333333 4.0
1.0 5.0
0.0 4.0
1.0 4.0
1.0 4.0
1.0 5.0
1.0 5.0
1.0 5.0
1.0 5.0
1.0 4.0
1.0 5.0
1.0 4.0
1.0 5.0
0.75 5.0
0.666666666667 3.0
0.666666666667 5.0
0.5 5.0
0.5 5.0
0.0 5.0
0.333333333333 5.0
0.0 1.0
1.0 5.0
1.0 5.0
1.0 5.0
0.0 2.0
0.3 1.0
0.0 4.0
0.0 5.0
0.25 1.0
1.0 5.0
1.0 5.0
0.0 5.0
0.333333333333 2.0
1.0 5.0
1.0 5.0
1.0 5.0
0.0 5.0
1.0 5.0
1.0 5.0
1.0 5.0
0.666666666667 4.0
